Date,TotalCases,NewCases,PercentChange,Days
27.3.2020,551,56,11.31,32
26.3.2020,495,53,11.99,31
25.3.2020,442,60,15.71,30
24.3.2020,382,67,21.27,29
23.3.2020,315,61,24.02,28
22.3.2020,254,48,23.30,27
21.3.2020,206,78,60.94,26
20.3.2020,128,23,21.90,25
19.3.2020,105,18,20.69,24
18.3.2020,87,18,26.09,23
17.3.2020,69,13,23.21,22
16.3.2020,56,8,16.67,21
15.3.2020,48,9,23.08,20
14.3.2020,39,7,21.88,19
13.3.2020,32,5,18.52,18
12.3.2020,27,8,42.11,17
11.3.2020,19,4,26.67,16
10.3.2020,15,2,15.38,15
9.3.2020,13,1,8.33,14
8.3.2020,12,0,0.00,13
7.3.2020,12,1,9.09,12
6.3.2020,11,1,10.00,11
5.3.2020,10,0,0.00,10
4.3.2020,10,1,11.11,9
3.3.2020,9,1,12.50,8
2.3.2020,8,1,14.29,7
1.3.2020,7,1,16.67,6
29.2.2020,6,1,20.00,5
28.2.2020,5,2,66.67,4
27.2.2020,3,0,0.00,3
26.2.2020,3,2,200.00,2
25.2.2020,1,1,0,1
